conv1:
  weight (int8) with channel indices:
    Out_Channel 0:
      In_Channel 0: [
        [83, 83, 55],
        [45, 5, -7],
        [-128, -98, -50],
      ]
    Out_Channel 1:
      In_Channel 0: [
        [15, 71, -40],
        [68, -34, 19],
        [100, -31, 13],
      ]
    Out_Channel 2:
      In_Channel 0: [
        [-24, 47, -60],
        [12, 39, 59],
        [47, 103, 40],
      ]
    Out_Channel 3:
      In_Channel 0: [
        [-36, 72, 69],
        [62, 87, 48],
        [30, -30, 37],
      ]
    Out_Channel 4:
      In_Channel 0: [
        [36, 102, -21],
        [74, 47, -25],
        [12, 53, -75],
      ]
    Out_Channel 5:
      In_Channel 0: [
        [76, -37, 63],
        [39, 19, -17],
        [7, -7, 67],
      ]
    Out_Channel 6:
      In_Channel 0: [
        [-20, 36, 88],
        [41, -6, 54],
        [-25, 79, 65],
      ]
    Out_Channel 7:
      In_Channel 0: [
        [18, -24, 0],
        [57, 48, 13],
        [45, -33, 56],
      ]

  bias (float32):
    [0.04187791422009468, -0.14271198213100433, 0.1453697681427002, 0.12380552291870117, 0.1454082578420639, 0.29180479049682617, 0.4596942663192749, 0.34958383440971375]

  bias (int32, quantized):
    [163, -555, 565, 481, 565, 1134, 1787, 1359]

  scales:
    weight scale: 0.005459 ≈ 2^-8 = 0.003906
    activation scale: 0.047120 ≈ 2^-4 = 0.062500
    bias scale: 0.000257 ≈ 2^-12 = 0.000244

  zero_points:
    weight zp: 0
    activation zp: 0

conv2:
  weight (int8) with channel indices:
    Out_Channel 0:
      In_Channel 0: [
        [68, 18, -50],
        [-15, -25, -15],
        [17, 5, 15],
      ]
      In_Channel 1: [
        [39, 12, -1],
        [-9, 16, -6],
        [-22, -15, -19],
      ]
      In_Channel 2: [
        [12, -36, -21],
        [9, 43, 37],
        [32, 37, 45],
      ]
      In_Channel 3: [
        [42, -26, -14],
        [-2, 18, -11],
        [14, 40, 37],
      ]
      In_Channel 4: [
        [42, -23, -26],
        [-6, -1, -6],
        [19, 30, -13],
      ]
      In_Channel 5: [
        [23, 14, -39],
        [-7, -9, 11],
        [-15, 15, 43],
      ]
      In_Channel 6: [
        [-15, -49, 7],
        [21, 4, -5],
        [24, 34, 8],
      ]
      In_Channel 7: [
        [10, -34, -10],
        [34, 27, -7],
        [25, 48, 30],
      ]
    Out_Channel 1:
      In_Channel 0: [
        [-34, 0, 10],
        [59, 58, -20],
        [104, -1, -74],
      ]
      In_Channel 1: [
        [44, 46, -68],
        [66, -15, -128],
        [31, -60, 36],
      ]
      In_Channel 2: [
        [34, -22, -53],
        [11, -60, -36],
        [-35, -61, 46],
      ]
      In_Channel 3: [
        [15, -31, -78],
        [68, -72, -38],
        [-10, -66, 5],
      ]
      In_Channel 4: [
        [63, 15, -25],
        [89, 16, -115],
        [7, -69, 10],
      ]
      In_Channel 5: [
        [24, 28, -48],
        [7, -24, -68],
        [13, -41, 1],
      ]
      In_Channel 6: [
        [46, -49, -32],
        [34, -74, -11],
        [-70, -14, 56],
      ]
      In_Channel 7: [
        [10, 37, -40],
        [15, -27, -70],
        [-6, -85, 12],
      ]
    Out_Channel 2:
      In_Channel 0: [
        [1, 83, 78],
        [45, -15, 49],
        [58, -1, -9],
      ]
      In_Channel 1: [
        [-4, -68, 6],
        [24, 24, -6],
        [8, 59, 18],
      ]
      In_Channel 2: [
        [-28, -67, -22],
        [45, -9, 20],
        [-3, 60, 28],
      ]
      In_Channel 3: [
        [-64, -8, -22],
        [-29, 5, -3],
        [37, 66, 51],
      ]
      In_Channel 4: [
        [-27, -72, -21],
        [-2, -41, -37],
        [-6, 37, 9],
      ]
      In_Channel 5: [
        [-9, -48, -9],
        [-4, -11, -22],
        [46, 62, 5],
      ]
      In_Channel 6: [
        [-22, -48, -34],
        [9, 0, 9],
        [35, 33, 57],
      ]
      In_Channel 7: [
        [-29, -13, -26],
        [-9, 5, -8],
        [-2, 21, 45],
      ]
    Out_Channel 3:
      In_Channel 0: [
        [-69, -14, 48],
        [-106, -57, 29],
        [-60, -67, -62],
      ]
      In_Channel 1: [
        [15, 37, -39],
        [3, 63, -44],
        [20, 59, 20],
      ]
      In_Channel 2: [
        [21, -11, -45],
        [43, -6, -38],
        [19, 48, 65],
      ]
      In_Channel 3: [
        [-26, -39, -18],
        [-1, -40, -61],
        [20, 30, 15],
      ]
      In_Channel 4: [
        [22, 23, -27],
        [27, -6, -14],
        [39, 17, 37],
      ]
      In_Channel 5: [
        [42, 15, -53],
        [36, 47, -44],
        [51, 72, 23],
      ]
      In_Channel 6: [
        [24, -21, -24],
        [22, -16, -43],
        [39, 16, 23],
      ]
      In_Channel 7: [
        [-15, 16, -47],
        [63, 39, -53],
        [4, 49, 20],
      ]
    Out_Channel 4:
      In_Channel 0: [
        [-63, 19, 65],
        [3, 18, -6],
        [-3, -17, -26],
      ]
      In_Channel 1: [
        [-29, 63, -2],
        [0, -1, -13],
        [38, 14, 12],
      ]
      In_Channel 2: [
        [13, 17, -16],
        [34, -28, -22],
        [-27, -45, -43],
      ]
      In_Channel 3: [
        [61, 8, -9],
        [38, 34, -31],
        [-6, -20, -15],
      ]
      In_Channel 4: [
        [17, 38, 43],
        [46, 43, -58],
        [41, -7, -59],
      ]
      In_Channel 5: [
        [7, -1, -17],
        [-14, 31, -58],
        [-2, -37, -21],
      ]
      In_Channel 6: [
        [44, -10, -61],
        [21, -8, -54],
        [-20, -50, -43],
      ]
      In_Channel 7: [
        [34, 42, 12],
        [38, -15, -32],
        [7, -2, -33],
      ]
    Out_Channel 5:
      In_Channel 0: [
        [31, 14, -22],
        [80, 85, 39],
        [72, 54, 12],
      ]
      In_Channel 1: [
        [4, 0, -1],
        [-25, -2, -24],
        [-3, -28, -31],
      ]
      In_Channel 2: [
        [17, 14, 23],
        [17, -7, -9],
        [8, 19, -18],
      ]
      In_Channel 3: [
        [10, -49, 15],
        [50, 56, 14],
        [23, -10, 31],
      ]
      In_Channel 4: [
        [-26, -67, -56],
        [20, 26, 15],
        [15, -2, 23],
      ]
      In_Channel 5: [
        [29, -23, -40],
        [37, 12, 25],
        [-18, 30, -8],
      ]
      In_Channel 6: [
        [-16, -1, -4],
        [-3, 42, 31],
        [-26, -26, -31],
      ]
      In_Channel 7: [
        [-15, -10, 3],
        [13, 59, 41],
        [18, -7, 22],
      ]
    Out_Channel 6:
      In_Channel 0: [
        [54, 41, -26],
        [-4, 47, 54],
        [83, 94, 41],
      ]
      In_Channel 1: [
        [-47, -62, -34],
        [9, 16, 26],
        [36, -5, -1],
      ]
      In_Channel 2: [
        [-26, 19, -15],
        [43, -6, -4],
        [41, -18, -18],
      ]
      In_Channel 3: [
        [-44, -52, 3],
        [16, 43, 25],
        [7, 24, 9],
      ]
      In_Channel 4: [
        [5, -42, -8],
        [11, -11, 15],
        [13, 7, 8],
      ]
      In_Channel 5: [
        [-29, -26, -11],
        [5, 10, 19],
        [-6, 28, -37],
      ]
      In_Channel 6: [
        [12, -3, 22],
        [2, 1, -6],
        [21, -27, -38],
      ]
      In_Channel 7: [
        [-22, -13, 11],
        [28, 1, -10],
        [22, -13, -36],
      ]
    Out_Channel 7:
      In_Channel 0: [
        [-39, 38, 49],
        [-16, 56, 21],
        [36, 16, 6],
      ]
      In_Channel 1: [
        [-44, 28, 42],
        [61, 15, 22],
        [56, 1, -31],
      ]
      In_Channel 2: [
        [47, 6, -8],
        [36, -18, 11],
        [-14, 0, -30],
      ]
      In_Channel 3: [
        [23, 30, 23],
        [59, -14, 2],
        [19, -45, 3],
      ]
      In_Channel 4: [
        [-37, 60, 22],
        [37, 26, -10],
        [56, 11, 17],
      ]
      In_Channel 5: [
        [0, -6, 31],
        [5, 26, -20],
        [41, 15, -4],
      ]
      In_Channel 6: [
        [33, 22, 5],
        [-2, -28, 14],
        [-23, -13, 22],
      ]
      In_Channel 7: [
        [-31, -10, 22],
        [12, 20, 21],
        [-13, -41, -39],
      ]
    Out_Channel 8:
      In_Channel 0: [
        [-10, -2, -13],
        [24, 35, 23],
        [-1, 11, 36],
      ]
      In_Channel 1: [
        [9, -6, -13],
        [31, -17, 23],
        [-22, -2, -34],
      ]
      In_Channel 2: [
        [-6, -20, 30],
        [8, 34, 25],
        [-41, -35, 6],
      ]
      In_Channel 3: [
        [-1, -32, -57],
        [31, 26, 50],
        [21, -11, 36],
      ]
      In_Channel 4: [
        [13, -5, -67],
        [3, 33, 33],
        [-27, -16, -13],
      ]
      In_Channel 5: [
        [-15, -1, 6],
        [27, 23, 28],
        [5, 28, -1],
      ]
      In_Channel 6: [
        [-17, -5, -43],
        [16, 21, -8],
        [-24, 6, -9],
      ]
      In_Channel 7: [
        [45, 33, 24],
        [31, 55, 47],
        [12, 4, -17],
      ]
    Out_Channel 9:
      In_Channel 0: [
        [42, -14, -70],
        [41, -52, -115],
        [30, -74, -57],
      ]
      In_Channel 1: [
        [-20, 7, 12],
        [-47, -46, 36],
        [-24, 5, 46],
      ]
      In_Channel 2: [
        [-50, -44, 5],
        [-5, -26, 41],
        [-46, 31, 55],
      ]
      In_Channel 3: [
        [-2, 17, 11],
        [-53, 2, 64],
        [-1, 12, 48],
      ]
      In_Channel 4: [
        [-32, 5, 24],
        [-48, -68, 41],
        [-56, 8, 23],
      ]
      In_Channel 5: [
        [-7, 32, 52],
        [-49, 14, 23],
        [-9, -5, 23],
      ]
      In_Channel 6: [
        [5, 25, 58],
        [-56, 48, 59],
        [-21, 37, 9],
      ]
      In_Channel 7: [
        [-22, -26, -5],
        [-26, -3, 41],
        [-59, -20, -7],
      ]
    Out_Channel 10:
      In_Channel 0: [
        [-9, -33, 21],
        [31, 46, 71],
        [11, 28, 1],
      ]
      In_Channel 1: [
        [-9, 9, 32],
        [19, 6, -19],
        [-21, -17, -44],
      ]
      In_Channel 2: [
        [37, 33, 10],
        [12, 23, -27],
        [-33, -19, -3],
      ]
      In_Channel 3: [
        [-15, -5, 37],
        [27, 32, -11],
        [-9, -12, 17],
      ]
      In_Channel 4: [
        [-15, -7, 35],
        [34, 40, 4],
        [24, -29, -18],
      ]
      In_Channel 5: [
        [1, 2, 29],
        [5, -3, -5],
        [-10, -35, 5],
      ]
      In_Channel 6: [
        [10, 6, 41],
        [-12, -24, -5],
        [-27, -20, -8],
      ]
      In_Channel 7: [
        [23, 8, 33],
        [-6, -3, 3],
        [-17, -26, 25],
      ]
    Out_Channel 11:
      In_Channel 0: [
        [74, 64, 92],
        [20, 93, 75],
        [-17, -17, -23],
      ]
      In_Channel 1: [
        [-8, -7, -18],
        [-74, -29, -61],
        [-18, -3, 37],
      ]
      In_Channel 2: [
        [-7, -10, -16],
        [-29, -14, 1],
        [9, 15, 7],
      ]
      In_Channel 3: [
        [55, 10, 49],
        [-56, -21, -44],
        [24, -1, 30],
      ]
      In_Channel 4: [
        [12, 8, 60],
        [-27, -18, -15],
        [-23, -47, 4],
      ]
      In_Channel 5: [
        [65, 43, 51],
        [-32, -1, -41],
        [-28, -25, 8],
      ]
      In_Channel 6: [
        [17, 26, 42],
        [-16, -45, -39],
        [-8, 18, -14],
      ]
      In_Channel 7: [
        [8, 42, 8],
        [-39, 5, -5],
        [-6, 34, 26],
      ]
    Out_Channel 12:
      In_Channel 0: [
        [-65, -46, 43],
        [-104, -28, 20],
        [-75, -45, -48],
      ]
      In_Channel 1: [
        [25, 37, 17],
        [35, 8, -18],
        [36, 58, -18],
      ]
      In_Channel 2: [
        [9, -5, -42],
        [26, -16, -25],
        [31, 40, -10],
      ]
      In_Channel 3: [
        [39, -9, -9],
        [44, 1, -71],
        [6, -15, -54],
      ]
      In_Channel 4: [
        [57, 18, -10],
        [45, 60, -60],
        [37, 68, -44],
      ]
      In_Channel 5: [
        [17, 19, -9],
        [16, 2, -44],
        [32, 24, 4],
      ]
      In_Channel 6: [
        [45, 13, -44],
        [12, -45, -66],
        [21, -18, -40],
      ]
      In_Channel 7: [
        [7, 47, -24],
        [32, 36, -20],
        [48, 17, 13],
      ]
    Out_Channel 13:
      In_Channel 0: [
        [43, 11, -46],
        [23, -4, -53],
        [45, 1, -79],
      ]
      In_Channel 1: [
        [-15, 23, 17],
        [8, 7, 7],
        [-52, -39, 7],
      ]
      In_Channel 2: [
        [14, 20, -8],
        [-14, 29, 31],
        [-61, -26, 22],
      ]
      In_Channel 3: [
        [15, 37, 18],
        [6, -2, 16],
        [10, 2, 15],
      ]
      In_Channel 4: [
        [-1, 18, 19],
        [7, -6, 21],
        [-44, -40, 20],
      ]
      In_Channel 5: [
        [15, 29, 32],
        [7, 39, 27],
        [6, 13, 41],
      ]
      In_Channel 6: [
        [-12, 45, 21],
        [-32, 45, -7],
        [-22, -22, 42],
      ]
      In_Channel 7: [
        [9, 5, 40],
        [6, 32, 38],
        [-41, 17, 30],
      ]
    Out_Channel 14:
      In_Channel 0: [
        [27, -27, 19],
        [-59, -7, 31],
        [-27, 70, 48],
      ]
      In_Channel 1: [
        [-70, -34, 34],
        [-25, -4, 13],
        [20, 11, -46],
      ]
      In_Channel 2: [
        [-49, 33, -14],
        [-12, 12, 7],
        [15, 19, -19],
      ]
      In_Channel 3: [
        [-36, 1, 11],
        [12, 52, 37],
        [49, 32, -9],
      ]
      In_Channel 4: [
        [-51, -9, 23],
        [-43, 19, 51],
        [21, 36, -39],
      ]
      In_Channel 5: [
        [-59, 16, 26],
        [-6, 21, -3],
        [-4, 32, -16],
      ]
      In_Channel 6: [
        [-7, -3, -13],
        [27, 11, 8],
        [52, -28, -11],
      ]
      In_Channel 7: [
        [-63, -20, 31],
        [12, 38, 24],
        [-24, -9, -22],
      ]
    Out_Channel 15:
      In_Channel 0: [
        [-36, -42, -40],
        [57, 41, 48],
        [14, 60, 88],
      ]
      In_Channel 1: [
        [33, -6, 37],
        [-28, -34, 28],
        [-97, -82, -71],
      ]
      In_Channel 2: [
        [27, 3, 28],
        [-23, -16, 28],
        [-25, -73, -81],
      ]
      In_Channel 3: [
        [7, 27, 2],
        [33, 50, 11],
        [-92, -45, -75],
      ]
      In_Channel 4: [
        [-34, 14, -12],
        [12, 14, 32],
        [-82, -16, -15],
      ]
      In_Channel 5: [
        [41, 0, 21],
        [7, 39, 9],
        [-61, -49, -39],
      ]
      In_Channel 6: [
        [-23, 32, 34],
        [-11, 28, 31],
        [-38, -59, -50],
      ]
      In_Channel 7: [
        [-6, 23, 49],
        [30, 9, 29],
        [-75, -17, -57],
      ]

  bias (float32):
    [0.0059402561746537685, 0.07781335711479187, -0.04167298227548599, -0.011800293810665607, 0.09643503278493881, -0.13662086427211761, 0.046144191175699234, -0.06494611501693726, -0.02287602424621582, -0.11540002375841141, -0.05889946222305298, -0.04379880428314209, -0.05284406989812851, -0.008156795054674149, -0.033290691673755646, 0.1870308518409729]

  bias (int32, quantized):
    [15, 191, -102, -29, 237, -336, 113, -160, -56, -284, -145, -108, -130, -20, -82, 460]

  scales:
    weight scale: 0.003728 ≈ 2^-8 = 0.003906
    activation scale: 0.109165 ≈ 2^-3 = 0.125000
    bias scale: 0.000407 ≈ 2^-11 = 0.000488

  zero_points:
    weight zp: 0
    activation zp: 0

conv3:
  weight (int8) with channel indices:
    Out_Channel 0:
      In_Channel 0: [
        [-19, 46, 20],
        [-38, -48, -9],
        [15, 26, -14],
      ]
      In_Channel 1: [
        [-82, -37, -34],
        [-33, -65, 10],
        [-8, 88, 43],
      ]
      In_Channel 2: [
        [-8, 1, 5],
        [10, -34, -19],
        [59, 15, -48],
      ]
      In_Channel 3: [
        [49, 49, 10],
        [35, 8, 5],
        [8, -41, -1],
      ]
      In_Channel 4: [
        [-26, 21, 34],
        [-71, -39, 25],
        [-8, 8, 41],
      ]
      In_Channel 5: [
        [3, 13, 5],
        [-18, -1, -31],
        [14, 36, -10],
      ]
      In_Channel 6: [
        [-13, -9, 21],
        [-28, -37, -18],
        [17, 21, 9],
      ]
      In_Channel 7: [
        [-4, 0, 30],
        [-1, -38, -32],
        [-33, 13, 41],
      ]
      In_Channel 8: [
        [27, 31, 49],
        [-13, -27, -2],
        [26, -9, -2],
      ]
      In_Channel 9: [
        [69, 5, 0],
        [-32, 30, 44],
        [-49, 3, 33],
      ]
      In_Channel 10: [
        [38, 15, 26],
        [4, -9, -10],
        [12, 18, 8],
      ]
      In_Channel 11: [
        [17, -9, 32],
        [2, 70, 65],
        [-2, -8, -59],
      ]
      In_Channel 12: [
        [17, -1, -20],
        [-34, -11, 46],
        [-45, 23, 23],
      ]
      In_Channel 13: [
        [23, 29, 46],
        [-12, -1, -8],
        [-5, -10, -11],
      ]
      In_Channel 14: [
        [17, 0, 5],
        [-14, -48, -7],
        [26, 42, 45],
      ]
      In_Channel 15: [
        [13, 9, 40],
        [34, -29, 12],
        [30, 29, 34],
      ]
    Out_Channel 1:
      In_Channel 0: [
        [-34, -21, 5],
        [-37, -7, -3],
        [-19, -17, 13],
      ]
      In_Channel 1: [
        [30, 25, 63],
        [10, 35, -79],
        [22, 54, -15],
      ]
      In_Channel 2: [
        [22, 30, 12],
        [-15, 43, 41],
        [16, 3, 20],
      ]
      In_Channel 3: [
        [2, -44, -44],
        [6, -7, -6],
        [16, 22, -11],
      ]
      In_Channel 4: [
        [29, 14, 21],
        [27, -5, -29],
        [35, 16, 0],
      ]
      In_Channel 5: [
        [8, -9, -10],
        [-14, -8, 29],
        [-22, -6, 25],
      ]
      In_Channel 6: [
        [9, 14, 3],
        [-11, -13, 14],
        [1, -8, 3],
      ]
      In_Channel 7: [
        [-3, 18, 13],
        [11, -22, -9],
        [11, 27, -4],
      ]
      In_Channel 8: [
        [19, -21, -40],
        [-36, -13, 21],
        [-4, 11, 16],
      ]
      In_Channel 9: [
        [-22, -34, 20],
        [-37, 9, -27],
        [-33, 12, -1],
      ]
      In_Channel 10: [
        [8, 51, 31],
        [-6, -11, -5],
        [-14, 8, 14],
      ]
      In_Channel 11: [
        [13, 84, 24],
        [24, 40, 34],
        [-46, 53, 29],
      ]
      In_Channel 12: [
        [-14, -25, -42],
        [6, -53, -34],
        [32, 23, -14],
      ]
      In_Channel 13: [
        [0, 1, -22],
        [-46, -27, 9],
        [-11, 4, 40],
      ]
      In_Channel 14: [
        [24, 42, -1],
        [-20, -24, 17],
        [21, 12, -9],
      ]
      In_Channel 15: [
        [36, 77, 10],
        [0, 21, 19],
        [-41, 22, -20],
      ]
    Out_Channel 2:
      In_Channel 0: [
        [16, 4, 7],
        [34, 25, -4],
        [13, -24, 8],
      ]
      In_Channel 1: [
        [-35, -35, 15],
        [-34, -12, 4],
        [2, 43, -21],
      ]
      In_Channel 2: [
        [21, 24, 8],
        [43, 4, 26],
        [1, -17, -18],
      ]
      In_Channel 3: [
        [11, 10, -2],
        [14, 30, 14],
        [-10, -29, -33],
      ]
      In_Channel 4: [
        [-18, -24, -2],
        [-5, 8, 5],
        [20, 29, -20],
      ]
      In_Channel 5: [
        [9, -5, -48],
        [16, 12, -16],
        [25, -22, -10],
      ]
      In_Channel 6: [
        [49, -24, -8],
        [18, 7, -1],
        [36, 0, -5],
      ]
      In_Channel 7: [
        [32, -14, -55],
        [2, -10, -30],
        [-8, 22, 0],
      ]
      In_Channel 8: [
        [18, -3, -28],
        [-5, 34, 16],
        [-8, -11, -1],
      ]
      In_Channel 9: [
        [-42, -39, -18],
        [-13, 18, 5],
        [-12, -16, 8],
      ]
      In_Channel 10: [
        [6, -8, -6],
        [1, -7, 17],
        [44, 16, 20],
      ]
      In_Channel 11: [
        [25, 32, -20],
        [35, 26, -7],
        [55, 6, 9],
      ]
      In_Channel 12: [
        [-44, -38, -12],
        [-24, 14, 15],
        [-17, -4, -19],
      ]
      In_Channel 13: [
        [0, -9, 3],
        [-17, 9, -14],
        [12, -7, 9],
      ]
      In_Channel 14: [
        [2, -44, -50],
        [-6, 24, 36],
        [-25, -12, -6],
      ]
      In_Channel 15: [
        [45, 57, -24],
        [-15, 32, -12],
        [39, 40, -3],
      ]
    Out_Channel 3:
      In_Channel 0: [
        [32, 14, 19],
        [22, 4, -19],
        [-7, 2, 3],
      ]
      In_Channel 1: [
        [-16, -22, -36],
        [-35, -13, 31],
        [-4, -12, 42],
      ]
      In_Channel 2: [
        [-10, 42, 27],
        [-15, 43, 37],
        [52, 45, 3],
      ]
      In_Channel 3: [
        [43, 53, 26],
        [46, -11, -27],
        [28, -15, 8],
      ]
      In_Channel 4: [
        [-1, -33, -20],
        [-4, 7, 0],
        [-38, -4, 32],
      ]
      In_Channel 5: [
        [1, -19, -1],
        [33, 32, 39],
        [-32, -7, -17],
      ]
      In_Channel 6: [
        [-5, -15, -19],
        [3, -3, 6],
        [3, 14, 15],
      ]
      In_Channel 7: [
        [16, -32, -20],
        [34, 9, -2],
        [-11, -23, 2],
      ]
      In_Channel 8: [
        [8, -2, -28],
        [41, 49, 42],
        [-34, -27, -37],
      ]
      In_Channel 9: [
        [-38, -45, -28],
        [-48, -28, 19],
        [-28, -24, 9],
      ]
      In_Channel 10: [
        [-10, -36, -22],
        [36, 51, 4],
        [-9, -16, 18],
      ]
      In_Channel 11: [
        [-11, -2, 17],
        [25, 93, 35],
        [27, 52, 18],
      ]
      In_Channel 12: [
        [3, 11, -25],
        [4, -37, 10],
        [-56, -45, -13],
      ]
      In_Channel 13: [
        [16, -40, -5],
        [10, -11, 5],
        [-19, -37, -15],
      ]
      In_Channel 14: [
        [28, -5, -21],
        [-26, 0, 4],
        [-54, -14, -18],
      ]
      In_Channel 15: [
        [23, -5, -2],
        [52, 70, 18],
        [27, 32, 42],
      ]
    Out_Channel 4:
      In_Channel 0: [
        [30, 0, 1],
        [-18, 24, -24],
        [38, 0, -4],
      ]
      In_Channel 1: [
        [-103, -30, -11],
        [-41, -14, 18],
        [40, 56, 20],
      ]
      In_Channel 2: [
        [-3, 24, -10],
        [-2, -57, 4],
        [-8, -28, -26],
      ]
      In_Channel 3: [
        [66, 50, -7],
        [-12, 22, 18],
        [-23, 20, 3],
      ]
      In_Channel 4: [
        [-35, -35, 18],
        [-26, 30, -1],
        [25, 64, -21],
      ]
      In_Channel 5: [
        [-3, 4, -22],
        [-12, -3, -10],
        [45, 18, -7],
      ]
      In_Channel 6: [
        [10, 3, -16],
        [-5, -6, -22],
        [53, 11, -35],
      ]
      In_Channel 7: [
        [5, 2, 0],
        [-11, -16, -2],
        [8, 27, 18],
      ]
      In_Channel 8: [
        [1, 22, -18],
        [-23, -6, -27],
        [-2, -18, 1],
      ]
      In_Channel 9: [
        [-24, -59, 9],
        [39, 96, 40],
        [3, 13, 45],
      ]
      In_Channel 10: [
        [10, -38, 15],
        [5, -4, -5],
        [0, 3, -5],
      ]
      In_Channel 11: [
        [-27, 11, 27],
        [13, -20, -77],
        [20, -63, -12],
      ]
      In_Channel 12: [
        [16, 30, -22],
        [-47, 38, 15],
        [-15, 55, 17],
      ]
      In_Channel 13: [
        [44, -11, 10],
        [41, -18, -31],
        [-4, -28, -9],
      ]
      In_Channel 14: [
        [-22, -20, 4],
        [-18, -8, -7],
        [43, 33, -11],
      ]
      In_Channel 15: [
        [-7, 10, -11],
        [-20, -11, -30],
        [-5, -9, -11],
      ]
    Out_Channel 5:
      In_Channel 0: [
        [21, 4, -3],
        [-11, 14, -25],
        [34, 24, 35],
      ]
      In_Channel 1: [
        [-14, 14, 16],
        [17, 0, -11],
        [-47, -39, -17],
      ]
      In_Channel 2: [
        [-9, 16, -11],
        [-14, -28, -10],
        [76, 60, 27],
      ]
      In_Channel 3: [
        [-3, -27, -33],
        [-21, 5, 26],
        [12, 25, 26],
      ]
      In_Channel 4: [
        [5, -17, -5],
        [-33, -37, -33],
        [-35, -56, -19],
      ]
      In_Channel 5: [
        [-20, 4, 9],
        [-13, -31, -1],
        [5, 23, 26],
      ]
      In_Channel 6: [
        [-11, 15, 13],
        [0, -16, -13],
        [-6, 6, 16],
      ]
      In_Channel 7: [
        [1, -2, -2],
        [7, 17, -33],
        [-14, -36, -25],
      ]
      In_Channel 8: [
        [17, 3, 21],
        [-14, 7, 19],
        [2, 8, -14],
      ]
      In_Channel 9: [
        [34, 38, 2],
        [10, -17, -28],
        [7, -14, -27],
      ]
      In_Channel 10: [
        [29, 9, 22],
        [17, 14, -15],
        [-31, -22, -16],
      ]
      In_Channel 11: [
        [24, 6, 11],
        [-1, -3, -2],
        [18, 17, 31],
      ]
      In_Channel 12: [
        [17, 24, -3],
        [-3, 18, -28],
        [-28, -2, 33],
      ]
      In_Channel 13: [
        [25, 15, -9],
        [20, -21, -15],
        [1, -9, 6],
      ]
      In_Channel 14: [
        [-8, 23, -15],
        [-25, 12, -36],
        [13, -14, -7],
      ]
      In_Channel 15: [
        [-16, -17, -8],
        [36, 22, 17],
        [-5, -40, -17],
      ]
    Out_Channel 6:
      In_Channel 0: [
        [18, 3, -15],
        [7, 12, 12],
        [-12, 34, 39],
      ]
      In_Channel 1: [
        [-1, -8, -11],
        [-2, -9, -46],
        [-26, -27, -6],
      ]
      In_Channel 2: [
        [51, 58, 38],
        [-3, -17, -8],
        [-14, 26, 21],
      ]
      In_Channel 3: [
        [27, 13, 4],
        [-33, 10, 24],
        [11, 13, 34],
      ]
      In_Channel 4: [
        [-30, -25, 6],
        [27, 29, -43],
        [30, -21, 11],
      ]
      In_Channel 5: [
        [-1, -25, 2],
        [-15, 23, 20],
        [0, 43, 30],
      ]
      In_Channel 6: [
        [7, 20, -3],
        [30, -6, -14],
        [30, 4, 6],
      ]
      In_Channel 7: [
        [-34, -34, 1],
        [24, 26, -34],
        [19, 17, 15],
      ]
      In_Channel 8: [
        [-25, 0, 13],
        [17, -12, -22],
        [11, 31, 11],
      ]
      In_Channel 9: [
        [-23, 6, -7],
        [16, 1, 9],
        [-40, -3, -7],
      ]
      In_Channel 10: [
        [-27, -2, -21],
        [10, -11, 8],
        [20, 17, -3],
      ]
      In_Channel 11: [
        [2, -18, -27],
        [-35, 23, -45],
        [-27, -37, 9],
      ]
      In_Channel 12: [
        [-12, 4, -10],
        [-43, 53, -3],
        [12, 9, 31],
      ]
      In_Channel 13: [
        [-29, -20, 6],
        [-22, 21, -6],
        [5, 41, 3],
      ]
      In_Channel 14: [
        [7, -6, -15],
        [19, 17, -28],
        [16, 11, 15],
      ]
      In_Channel 15: [
        [-16, -12, 2],
        [-44, -20, -13],
        [22, 18, 34],
      ]
    Out_Channel 7:
      In_Channel 0: [
        [17, 14, -5],
        [6, 21, 15],
        [12, 24, 34],
      ]
      In_Channel 1: [
        [-55, -38, -45],
        [21, 1, 16],
        [43, -7, 38],
      ]
      In_Channel 2: [
        [1, 14, 12],
        [-12, -15, -5],
        [-29, -51, -17],
      ]
      In_Channel 3: [
        [50, 33, 20],
        [-47, -19, 7],
        [-11, -37, 50],
      ]
      In_Channel 4: [
        [-54, -45, -32],
        [-7, 34, -20],
        [10, 2, 26],
      ]
      In_Channel 5: [
        [27, 26, -5],
        [-1, 11, 12],
        [-9, 22, -14],
      ]
      In_Channel 6: [
        [11, 13, -35],
        [27, 13, 37],
        [-5, -14, 43],
      ]
      In_Channel 7: [
        [2, -52, 1],
        [1, -24, -14],
        [46, -12, 16],
      ]
      In_Channel 8: [
        [-12, -11, -27],
        [-6, -7, 27],
        [-37, 3, -8],
      ]
      In_Channel 9: [
        [-29, -25, -6],
        [2, 40, 34],
        [-13, 40, 22],
      ]
      In_Channel 10: [
        [-18, -11, -44],
        [6, 16, -4],
        [-19, -9, 3],
      ]
      In_Channel 11: [
        [-20, -22, -39],
        [48, -28, -42],
        [-53, -50, -53],
      ]
      In_Channel 12: [
        [-44, -2, 20],
        [-43, 38, 36],
        [4, 0, 62],
      ]
      In_Channel 13: [
        [-18, -10, -31],
        [-32, 30, -9],
        [-26, 42, 26],
      ]
      In_Channel 14: [
        [2, -3, -12],
        [24, -11, 10],
        [-3, 8, -1],
      ]
      In_Channel 15: [
        [20, -30, -47],
        [23, -50, -18],
        [-20, -27, -6],
      ]
    Out_Channel 8:
      In_Channel 0: [
        [16, -24, 7],
        [6, 2, -8],
        [-31, -37, -22],
      ]
      In_Channel 1: [
        [81, 28, 50],
        [-26, 8, 8],
        [-24, 3, -10],
      ]
      In_Channel 2: [
        [-7, 7, -4],
        [-13, 3, -31],
        [-37, -26, -21],
      ]
      In_Channel 3: [
        [0, -28, 32],
        [26, -12, 25],
        [-11, -1, -33],
      ]
      In_Channel 4: [
        [36, 49, 38],
        [17, 12, 10],
        [-2, -4, 24],
      ]
      In_Channel 5: [
        [-27, -25, 2],
        [-4, 2, 3],
        [21, -9, -45],
      ]
      In_Channel 6: [
        [14, 0, 16],
        [14, -6, 9],
        [-27, -32, -8],
      ]
      In_Channel 7: [
        [-9, -20, 27],
        [11, -7, 31],
        [11, -12, -16],
      ]
      In_Channel 8: [
        [-34, 6, 35],
        [3, 25, 23],
        [-16, -29, -15],
      ]
      In_Channel 9: [
        [15, 40, -14],
        [25, 22, -5],
        [-20, -9, -43],
      ]
      In_Channel 10: [
        [-66, -7, -9],
        [-15, 35, 25],
        [-4, -1, 8],
      ]
      In_Channel 11: [
        [-85, -76, -50],
        [-70, -34, 6],
        [30, 6, 6],
      ]
      In_Channel 12: [
        [61, 21, 22],
        [47, 6, 10],
        [-29, -7, -18],
      ]
      In_Channel 13: [
        [-20, 15, 15],
        [-11, 2, -12],
        [30, -17, -28],
      ]
      In_Channel 14: [
        [4, 34, 13],
        [-4, 4, 8],
        [-22, -10, -38],
      ]
      In_Channel 15: [
        [-59, -3, 21],
        [-23, 30, 53],
        [28, 24, 43],
      ]
    Out_Channel 9:
      In_Channel 0: [
        [-16, 34, 37],
        [-51, -4, -18],
        [21, 9, 19],
      ]
      In_Channel 1: [
        [-20, -9, -63],
        [-3, -81, 41],
        [-19, -18, 41],
      ]
      In_Channel 2: [
        [-66, 14, 43],
        [-19, -32, 10],
        [91, 91, 25],
      ]
      In_Channel 3: [
        [-26, 48, 32],
        [-22, -41, -35],
        [19, 15, -23],
      ]
      In_Channel 4: [
        [-42, -36, -47],
        [-66, -37, -13],
        [-43, 16, 9],
      ]
      In_Channel 5: [
        [19, 18, 17],
        [-33, -31, -2],
        [-11, 38, -10],
      ]
      In_Channel 6: [
        [-36, 13, -4],
        [-18, -19, -29],
        [13, 58, 0],
      ]
      In_Channel 7: [
        [-9, 7, -43],
        [-5, -5, 10],
        [-33, 2, 3],
      ]
      In_Channel 8: [
        [-13, 14, -8],
        [-22, -22, -36],
        [37, 6, -17],
      ]
      In_Channel 9: [
        [1, 9, -32],
        [-12, -11, 30],
        [-14, -3, 24],
      ]
      In_Channel 10: [
        [-15, -26, 4],
        [-9, 32, 27],
        [-21, -23, 10],
      ]
      In_Channel 11: [
        [-10, -23, 3],
        [21, 59, 80],
        [34, 48, -16],
      ]
      In_Channel 12: [
        [-20, 74, 18],
        [-82, -101, -16],
        [-66, -28, 1],
      ]
      In_Channel 13: [
        [-7, 7, 4],
        [-40, -21, -14],
        [-32, -3, 20],
      ]
      In_Channel 14: [
        [-3, 5, -28],
        [-32, -21, -7],
        [11, 20, 11],
      ]
      In_Channel 15: [
        [22, 40, 30],
        [26, 12, 23],
        [6, 58, 28],
      ]
    Out_Channel 10:
      In_Channel 0: [
        [6, -11, 49],
        [-3, -13, -23],
        [-1, 9, -15],
      ]
      In_Channel 1: [
        [61, 28, 46],
        [16, -21, 0],
        [-9, -15, -20],
      ]
      In_Channel 2: [
        [19, -5, -18],
        [-2, 9, 2],
        [-40, -17, -17],
      ]
      In_Channel 3: [
        [30, 40, -16],
        [-23, -3, -15],
        [31, -1, 16],
      ]
      In_Channel 4: [
        [4, -10, 6],
        [-8, 8, 23],
        [-24, -8, -15],
      ]
      In_Channel 5: [
        [-24, 7, 27],
        [18, 30, 36],
        [-26, -30, -6],
      ]
      In_Channel 6: [
        [17, -10, 44],
        [12, 8, 23],
        [-5, 18, 31],
      ]
      In_Channel 7: [
        [32, -14, 52],
        [-2, 17, 39],
        [-23, 0, -38],
      ]
      In_Channel 8: [
        [19, 1, 32],
        [1, -17, 30],
        [19, 23, 14],
      ]
      In_Channel 9: [
        [-22, 11, 46],
        [26, -17, -26],
        [1, -10, -45],
      ]
      In_Channel 10: [
        [-13, 6, 46],
        [-12, 24, 47],
        [-11, 7, -43],
      ]
      In_Channel 11: [
        [-65, -51, -37],
        [41, 7, 60],
        [-63, -18, -15],
      ]
      In_Channel 12: [
        [47, -5, -13],
        [-49, 7, -7],
        [36, -14, 18],
      ]
      In_Channel 13: [
        [-15, 11, -4],
        [-22, 22, -3],
        [-18, -2, -14],
      ]
      In_Channel 14: [
        [-19, 35, 33],
        [-10, 15, -27],
        [12, -5, -30],
      ]
      In_Channel 15: [
        [-8, -17, 9],
        [-54, -22, 39],
        [-26, -27, -18],
      ]
    Out_Channel 11:
      In_Channel 0: [
        [31, 3, -32],
        [22, 10, 24],
        [12, 6, 13],
      ]
      In_Channel 1: [
        [-19, -37, -5],
        [-7, 75, -13],
        [6, 11, -10],
      ]
      In_Channel 2: [
        [-2, -14, -1],
        [5, -40, 35],
        [-62, -36, 1],
      ]
      In_Channel 3: [
        [2, -7, 4],
        [-35, -21, 18],
        [26, 29, 8],
      ]
      In_Channel 4: [
        [-6, 11, -12],
        [54, 38, 16],
        [37, 26, -26],
      ]
      In_Channel 5: [
        [25, -6, -16],
        [25, 24, -3],
        [15, -16, 23],
      ]
      In_Channel 6: [
        [5, -11, -15],
        [8, 32, -20],
        [-22, -3, -19],
      ]
      In_Channel 7: [
        [47, 14, 34],
        [14, 51, 12],
        [2, 10, -3],
      ]
      In_Channel 8: [
        [5, -14, -24],
        [21, -14, -1],
        [7, -9, -12],
      ]
      In_Channel 9: [
        [-3, 0, 5],
        [1, 31, -10],
        [23, 16, 9],
      ]
      In_Channel 10: [
        [-2, 8, -3],
        [-4, 13, -2],
        [1, 9, -4],
      ]
      In_Channel 11: [
        [-32, -30, -27],
        [-24, -45, -40],
        [-52, -40, -10],
      ]
      In_Channel 12: [
        [4, 52, -6],
        [6, -5, -3],
        [65, 59, 2],
      ]
      In_Channel 13: [
        [28, 5, -18],
        [-12, 12, 2],
        [39, -18, 30],
      ]
      In_Channel 14: [
        [21, -11, -40],
        [28, 29, 10],
        [-23, -12, -2],
      ]
      In_Channel 15: [
        [-7, 14, 1],
        [-24, -37, -28],
        [-106, -28, -38],
      ]
    Out_Channel 12:
      In_Channel 0: [
        [-6, 10, -2],
        [6, 4, -13],
        [24, 37, 9],
      ]
      In_Channel 1: [
        [0, 22, 66],
        [-21, -73, 1],
        [-128, -33, 1],
      ]
      In_Channel 2: [
        [22, 63, 13],
        [-28, 25, 28],
        [24, 37, -10],
      ]
      In_Channel 3: [
        [11, 8, -24],
        [-17, 36, 28],
        [58, -20, -3],
      ]
      In_Channel 4: [
        [-51, 37, 34],
        [-15, -17, -30],
        [-36, -27, 21],
      ]
      In_Channel 5: [
        [-15, 17, 15],
        [22, -6, 11],
        [41, 6, 31],
      ]
      In_Channel 6: [
        [-27, 34, 52],
        [5, -1, 34],
        [16, 41, 18],
      ]
      In_Channel 7: [
        [-21, 36, 37],
        [58, 4, -26],
        [23, 17, 18],
      ]
      In_Channel 8: [
        [8, 22, -18],
        [2, 12, 21],
        [9, 7, 5],
      ]
      In_Channel 9: [
        [26, -14, -11],
        [15, -62, -32],
        [-56, -37, -62],
      ]
      In_Channel 10: [
        [-12, 27, 47],
        [9, 18, -14],
        [5, 25, -8],
      ]
      In_Channel 11: [
        [-25, -42, 6],
        [-51, 35, 14],
        [-27, 14, -10],
      ]
      In_Channel 12: [
        [-19, -13, -4],
        [21, -8, -11],
        [-18, -39, -3],
      ]
      In_Channel 13: [
        [-1, -40, 8],
        [-17, -10, -14],
        [27, 20, 6],
      ]
      In_Channel 14: [
        [9, 47, 38],
        [44, -22, -25],
        [15, 31, 32],
      ]
      In_Channel 15: [
        [-65, -43, 39],
        [-18, 32, 0],
        [-11, 29, 15],
      ]
    Out_Channel 13:
      In_Channel 0: [
        [24, 8, -13],
        [-3, 27, -6],
        [-12, -6, 29],
      ]
      In_Channel 1: [
        [-42, 26, -9],
        [-45, 26, 15],
        [-24, -21, -7],
      ]
      In_Channel 2: [
        [16, 14, -43],
        [-41, -13, -20],
        [-30, 4, 25],
      ]
      In_Channel 3: [
        [27, -3, -13],
        [-22, 3, -13],
        [-3, -22, -8],
      ]
      In_Channel 4: [
        [-30, 26, -15],
        [-19, -13, 10],
        [14, 5, -16],
      ]
      In_Channel 5: [
        [47, -5, -3],
        [12, 5, 16],
        [8, 6, 33],
      ]
      In_Channel 6: [
        [-1, 39, -29],
        [0, 2, -19],
        [-3, -40, 18],
      ]
      In_Channel 7: [
        [25, -11, 0],
        [0, -3, 5],
        [-5, -9, -2],
      ]
      In_Channel 8: [
        [48, 39, -10],
        [3, -15, -4],
        [0, 15, 33],
      ]
      In_Channel 9: [
        [-24, 43, 36],
        [-12, 34, 0],
        [-10, -42, 7],
      ]
      In_Channel 10: [
        [-7, -12, -4],
        [39, 2, 16],
        [30, 19, 34],
      ]
      In_Channel 11: [
        [-22, -21, -79],
        [34, -43, -30],
        [36, -24, 52],
      ]
      In_Channel 12: [
        [-2, 2, 33],
        [-13, 12, -14],
        [-6, -21, -16],
      ]
      In_Channel 13: [
        [18, -9, 11],
        [15, -14, 5],
        [-18, 1, 21],
      ]
      In_Channel 14: [
        [5, -13, 27],
        [23, 16, 18],
        [-15, -3, 16],
      ]
      In_Channel 15: [
        [4, -5, -57],
        [-27, -37, -36],
        [39, 38, 56],
      ]
    Out_Channel 14:
      In_Channel 0: [
        [2, -2, 20],
        [6, -6, 19],
        [-12, -20, 8],
      ]
      In_Channel 1: [
        [21, -7, -29],
        [-15, 18, 9],
        [-9, 15, -22],
      ]
      In_Channel 2: [
        [-15, 14, -12],
        [0, -3, -22],
        [14, -5, 14],
      ]
      In_Channel 3: [
        [0, 2, 19],
        [4, -14, 0],
        [-13, 16, -17],
      ]
      In_Channel 4: [
        [-16, -13, -9],
        [0, 21, 9],
        [8, -15, -31],
      ]
      In_Channel 5: [
        [-24, 11, -9],
        [2, -19, -30],
        [22, 2, -25],
      ]
      In_Channel 6: [
        [2, -21, 3],
        [-15, -3, -19],
        [-28, -17, 14],
      ]
      In_Channel 7: [
        [-23, 15, -18],
        [20, -12, -10],
        [18, -23, -4],
      ]
      In_Channel 8: [
        [-5, -5, -7],
        [11, -7, 3],
        [-5, -2, -27],
      ]
      In_Channel 9: [
        [-10, 16, 15],
        [-19, -13, 8],
        [2, -9, -8],
      ]
      In_Channel 10: [
        [8, -19, 3],
        [-17, -19, -16],
        [22, 12, -19],
      ]
      In_Channel 11: [
        [-24, 8, 17],
        [1, -4, -29],
        [21, 15, 11],
      ]
      In_Channel 12: [
        [18, -4, -3],
        [-21, -14, -4],
        [-30, -24, -13],
      ]
      In_Channel 13: [
        [-5, -20, -24],
        [-15, -5, 17],
        [-1, 2, -22],
      ]
      In_Channel 14: [
        [-21, -22, -28],
        [-9, 17, -4],
        [5, -16, 3],
      ]
      In_Channel 15: [
        [21, -10, -20],
        [-14, 5, -18],
        [-13, -22, 8],
      ]
    Out_Channel 15:
      In_Channel 0: [
        [20, 30, 19],
        [-7, -2, 0],
        [-29, 3, -5],
      ]
      In_Channel 1: [
        [-8, -72, -68],
        [-28, 6, 4],
        [24, 29, -6],
      ]
      In_Channel 2: [
        [35, 21, 14],
        [-32, 0, -14],
        [-27, -17, -24],
      ]
      In_Channel 3: [
        [9, 1, 3],
        [8, -18, 9],
        [-35, -4, -21],
      ]
      In_Channel 4: [
        [15, -8, -44],
        [-20, -25, 6],
        [-18, -13, -18],
      ]
      In_Channel 5: [
        [43, 31, 39],
        [-16, -12, 6],
        [-3, 3, -17],
      ]
      In_Channel 6: [
        [40, 3, -14],
        [-32, -13, 13],
        [8, 24, -11],
      ]
      In_Channel 7: [
        [30, 10, 17],
        [26, 16, -19],
        [8, 24, -18],
      ]
      In_Channel 8: [
        [43, 55, 27],
        [-2, -2, -2],
        [-24, 6, -1],
      ]
      In_Channel 9: [
        [-10, -40, -49],
        [15, 20, 23],
        [20, 23, -10],
      ]
      In_Channel 10: [
        [45, 17, 19],
        [10, 8, 28],
        [-20, 16, -8],
      ]
      In_Channel 11: [
        [6, 38, 26],
        [30, 46, 22],
        [-10, -3, -28],
      ]
      In_Channel 12: [
        [-19, -38, -14],
        [-14, -5, -7],
        [11, 20, 7],
      ]
      In_Channel 13: [
        [-4, 6, 34],
        [23, 10, 26],
        [-25, 24, -11],
      ]
      In_Channel 14: [
        [43, 37, -20],
        [-16, -19, 4],
        [-15, 9, -8],
      ]
      In_Channel 15: [
        [-13, 35, 25],
        [-4, 1, -16],
        [-23, 0, -4],
      ]

  bias (float32):
    [-0.0069561852142214775, 0.08796032518148422, 0.06462004780769348, 0.06647920608520508, -0.0031965631060302258, -0.007047270890325308, 0.06203555688261986, 0.0631643757224083, 0.08920315653085709, -0.1033051460981369, 0.034092746675014496, -0.08298665285110474, -0.08707081526517868, 0.022456945851445198, 0.02481595240533352, -0.05325121432542801]

  bias (int32, quantized):
    [-5, 69, 51, 52, -3, -6, 49, 49, 70, -81, 27, -65, -68, 18, 19, -42]

  scales:
    weight scale: 0.003248 ≈ 2^-8 = 0.003906
    activation scale: 0.392918 ≈ 2^-1 = 0.500000
    bias scale: 0.001276 ≈ 2^-10 = 0.000977

  zero_points:
    weight zp: 0
    activation zp: 59

fc:
  weight (int8) with channel indices:
    Out_Feature 0: [-67, 17, -59, 49, -50, -49, -46, 26, 1, -29, 28, 19, -30, 3, -15, 30, 7, -45, -5, -19, -33, -38, 39, 1, -14, 22, 0, -80, -20, 48, 22, -59, -22, -47, -3, 61, -31, 10, -67, 56, 74, -84, -17, 35, 4, 38, 53, -32, -37, -39, 37, 1, -42, 24, 46, 5, 18, -18, 2, 35, 46, 26, 26, -43]
    Out_Feature 1: [37, -33, 44, -55, 15, -59, 14, -15, -11, -37, 81, -39, 31, -87, -34, 20, -49, 34, 29, -29, 1, 18, -15, 72, 18, 3, 36, 49, 31, -46, 58, -3, 25, 94, 63, 15, -1, 33, 26, 79, -5, -2, 3, -35, -53, -8, 34, -2, -31, -65, -47, -25, -2, 14, 52, -23, -40, -29, -14, 33, -51, -3, -15, -38]
    Out_Feature 2: [19, 16, -50, -56, -4, -45, 15, -8, -9, 11, 51, -7, 62, -62, -60, 34, -29, 51, -35, -83, 32, 30, -55, 30, -27, 9, 66, 45, -49, 16, 3, -51, 55, -53, 3, 24, 49, -12, -64, 6, -30, -34, -4, 5, -39, 2, 11, 0, 33, -47, 21, 14, -27, 10, -4, 74, 7, -33, 9, 18, 47, -35, 6, 29]
    Out_Feature 3: [14, -35, -11, 51, 61, -84, 11, 12, -7, -34, 10, 7, 40, -29, -8, -49, -47, 40, -54, 31, -6, 21, 46, 3, 1, -32, -10, 1, -21, -18, -81, -21, -52, -83, -15, -57, 62, -24, 27, 13, -39, 29, 0, -35, -65, 37, -81, -10, 6, -70, 40, 43, 31, 60, -23, -20, 47, 33, -17, -9, 23, -11, -31, 9]
    Out_Feature 4: [-78, 8, 60, -13, -48, -63, -16, 40, 4, -78, 20, -29, -22, -99, 49, -2, 36, 19, -5, -30, -5, -13, -26, -33, 60, -40, -10, 11, -1, -3, -16, 8, -29, 69, -22, 2, -8, -82, 24, -54, -62, 42, -9, 37, 44, -9, -28, 29, 36, 23, -33, -76, 41, -4, 25, -20, -27, 2, 28, -10, -91, -55, 12, 43]
    Out_Feature 5: [-11, 1, 29, -12, -54, 15, 9, 6, -20, 50, 53, 13, -4, 53, -2, 20, -23, -51, -2, 61, 32, -6, 59, 13, -7, -49, 18, 0, -5, -103, -53, 71, 50, 26, -27, -6, 10, -128, 4, 24, -21, 52, -4, -78, -18, -23, -13, -19, -41, 25, -6, -25, 6, -38, 43, -12, 32, -43, 0, 12, -31, 35, -15, 18]
    Out_Feature 6: [-9, -52, -6, -11, -11, 60, -45, -2, -59, -6, -56, 27, -65, 0, -13, 37, 11, -90, -53, -24, -1, 35, 3, -24, -53, 31, 37, 45, -43, -68, 57, -35, 17, -4, 27, 48, -91, -30, -46, -8, -8, 12, -33, -33, 77, -16, -13, 14, 2, 58, 13, 23, -23, -36, 17, 46, 24, 38, -26, 44, -91, -41, 26, -17]
    Out_Feature 7: [25, 56, -3, -14, -24, -27, 71, -30, 81, 17, -27, -66, 99, 2, -30, -14, 17, 32, 40, -30, -55, 37, -33, -8, 2, -41, -43, -41, -28, 31, 37, -26, -2, -59, 2, 23, 65, -52, -13, -15, -50, 10, -5, 54, 31, -42, 6, 16, -33, -34, -35, -54, -13, 4, 11, -64, 4, -27, -27, -2, 20, -16, 44, 36]
    Out_Feature 8: [24, -5, -39, 11, -25, -38, -18, 53, -34, -3, -63, 48, -45, 15, -39, -44, -58, -34, 5, 31, 51, 4, -60, 36, 47, -24, -18, 23, -37, -32, 22, 11, -68, 14, -15, -41, -28, -71, -8, -31, -43, -8, -16, 55, -52, 21, 12, 2, 49, -12, 12, 67, -14, 24, 34, -23, 34, 4, -44, -33, 47, 6, 16, -22]
    Out_Feature 9: [-17, 17, 47, -24, 2, 29, -40, -8, 7, 47, 16, -8, -59, -22, 45, -39, -120, 6, 36, 42, -24, -80, -26, -9, 5, 32, -55, -15, -29, 57, -23, -5, -37, -28, -13, -25, -108, 26, 80, -29, 9, -62, 41, -32, 41, 3, -97, 26, 41, -35, -23, -84, 8, -19, -24, 9, -22, 34, -16, -13, 3, 48, 19, -6]

  bias (float32):
    [0.08403844386339188, 0.1443544626235962, -0.014746824279427528, -0.05301482975482941, 0.06959457695484161, 0.10859858244657516, 0.053917258977890015, -0.10857009142637253, -0.023803547024726868, 0.055174048990011215]

  bias (int32, quantized):
    [108, 186, -19, -68, 90, 140, 69, -140, -31, 71]

  scales:
    weight scale: 0.002786 ≈ 2^-8 = 0.003906
    activation scale: 0.278614 ≈ 2^-2 = 0.250000
    bias scale: 0.000776 ≈ 2^-10 = 0.000977

  zero_points:
    weight zp: 0
    activation zp: 81

